image_00000 128 239 147 270
image_00001 127 240 146 270
image_00002 126 238 147 271
image_00003 125 237 146 270
image_00004 125 235 147 269
image_00005 125 236 146 269
image_00006 123 237 145 267
image_00007 122 236 147 269
image_00008 122 235 147 269
image_00009 119 235 147 271
image_00010 119 235 148 272
image_00011 117 235 147 271
image_00012 117 236 148 271
image_00013 117 235 147 272
image_00014 116 234 148 271
image_00015 114 236 148 272
image_00016 116 230 148 273
image_00017 115 228 162 274
image_00018 117 223 167 275
image_00019 115 224 168 275
image_00020 116 224 169 274
image_00021 116 223 170 276
image_00022 116 224 172 275
image_00023 113 221 169 276
image_00024 114 224 171 276
image_00025 114 224 171 277
image_00026 113 224 172 276
image_00027 111 224 172 276
image_00028 133 224 173 275
image_00029 132 223 172 277
image_00030 135 223 171 277
image_00031 134 221 171 277
image_00032 135 221 169 278
image_00033 138 221 170 279
image_00034 137 222 173 279
image_00035 140 222 171 279
image_00036 141 223 174 278
image_00037 140 222 171 278
image_00038 141 223 176 276
image_00039 141 223 182 277
image_00040 141 227 182 277
image_00041 140 223 182 281
image_00042 137 218 182 276
image_00043 139 215 184 276
image_00044 143 211 182 275
image_00045 147 215 183 249
image_00046 148 215 183 249
image_00047 149 215 180 247
image_00048 151 217 180 244
image_00049 157 216 178 241
image_00050 153 215 179 241
image_00051 160 217 179 240
image_00052 161 219 180 241
image_00053 161 219 179 239
image_00054 158 218 179 240
image_00055 163 220 178 237
image_00056 163 220 176 236
image_00057 165 222 177 236
image_00058 166 219 176 236
image_00059 166 219 175 234
image_00060 165 219 176 235
image_00061 164 219 177 234
image_00062 163 220 172 232
image_00063 163 220 172 232
